0,385
0,384
0,319
3,2
10,146
10,228
10,252
10,256
10,244
10,260
10,2
10,3
11,24
11,10
11,18
11,6
11,2
11,3
9,6
9,4
9,2
9,3
8,4
8,8
8,11
8,14
8,15
8,16
8,2
8,3
12,2
12,1
12,3
20,2
20,1
20,3
19,2
19,1
19,3
18,1
18,3
2,2
2,1
2,3
36,4
36,3
36,2
36,1
36,0
35,7
35,6
35,5
35,4
35,3
35,2
35,1
35,0
34,9
34,8
34,7
34,6
34,5
34,4
34,3
34,2
34,1
34,0
33,4
33,3
33,2
33,1
33,0
32,3
32,2
32,1
32,0
31,4
31,3
31,2
31,1
31,0
30,4
30,3
30,2
30,1
30,0
29,4
29,3
29,2
29,1
29,0
28,3
28,2
28,1
28,0
27,3
27,2
27,1
27,0
26,5
26,4
26,3
26,2
26,1
26,0
