0,568
0,567
0,566
0,538
165,11
165,10
165,9
165,8
165,7
165,6
165,5
165,4
165,3
165,2
165,1
165,0
122,116
122,115
122,114
122,113
122,112
122,111
122,110
122,109
122,108
122,107
122,106
122,105
122,104
122,103
122,102
122,101
122,100
122,99
122,98
122,97
122,96
122,95
122,94
122,93
122,92
122,91
122,90
122,89
122,88
122,87
122,86
122,85
122,84
122,83
122,82
122,81
122,80
122,79
122,78
122,77
122,76
122,75
122,74
122,73
122,72
122,71
122,70
122,69
122,68
122,67
122,66
122,65
122,64
122,36
122,35
122,34
122,33
122,32
122,31
122,30
122,29
122,28
122,27
122,26
122,25
122,24
122,23
122,22
122,21
122,20
122,19
122,18
122,17
122,16
122,15
122,14
122,13
122,12
122,11
122,10
122,9
122,8
122,7
122,6
122,5
122,4
122,3
122,2
122,1
122,0
95,4
95,1
95,3
95,2
70,4
70,1
70,3
69,4
69,1
69,3
69,2
51,5
51,4
51,1
51,3
51,2
48,4
48,1
48,3
48,2
47,4
47,1
47,3
47,2
43,4
43,1
43,3
43,2
26,4
26,1
26,3
26,2
23,4
23,1
23,3
23,2
14,28
14,26
14,25
14,24
14,23
14,22
14,11
14,10
14,7
14,6
14,5
14,4
14,2
14,0
0,546
0,544
0,536
0,475
0,466
0,455
0,444
0,439
0,425
0,424
0,415
0,399
0,398
0,392
0,391
0,390
0,387
0,386
0,385
0,313
0,243
18,1
18,3
14,1
14,9
14,3
13,1
13,3
2,2
2,1
2,3
0,0
359,34
359,33
359,32
359,31
359,30
359,29
359,28
359,27
359,26
359,25
359,24
359,23
359,22
359,21
359,20
359,19
359,18
359,17
359,16
359,15
359,14
359,13
359,12
359,11
359,10
359,9
359,8
359,7
359,6
359,5
359,4
359,3
359,2
359,0
0,548
0,545
0,276
0,275
0,272
0,271
0,541
0,12
0,419
0,10
0,8
0,493
0,467
0,268
0,462
0,437
0,267
0,456
0,469
